200,200
(14,31) (64,33) (59,36) (40,39) (43,63) (64,66) (59,69) (14,66) (19,63) (35,60) (32,36) (14,33) (14,31)
(15,114) (64,117) (59,120) (14,117) (15,115) (15,114)
(16,128) (64,131) (59,134) (14,131) (15,128) (16,128)
(28,88) (37,79) (57,80) (63,88) (61,102) (53,106) (55,101) (59,92) (53,84) (47,85) (44,107) (32,102) (28,89) (28,88)
(29,150) (39,142) (57,144) (64,155) (59,168) (43,173) (30,165) (29,151) (29,150)
(33,88) (42,84) (39,101) (33,93) (33,89) (33,88)
(34,151) (47,147) (58,152) (56,163) (42,167) (33,158) (34,152) (34,151)
(76,50) (83,45) (103,47) (89,30) (95,22) (103,25) (111,43) (121,23) (130,25) (132,32) (119,49) (143,47) (145,56) (139,62) (118,59) (133,77) (126,84) (119,82) (110,63) (100,84) (92,82) (90,74) (102,57) (79,60) (76,51) (76,50)
(145,104) (156,85) (164,82) (171,91) (161,108) (165,125) (172,150) (169,167) (157,181) (148,177) (150,168) (157,153) (145,110) (145,105) (145,104)
